0.005977
0.005953
0.008930
0.000907
-0.012117
-0.005140
-0.021163
-0.027187
-0.066210
-0.081233
-0.092257
-0.094280
-0.101303
-0.074327
-0.071350
-0.083373
-0.084397
-0.092420
-0.069443
-0.069467
-0.069490
-0.081513
-0.082537
-0.076560
-0.096583
-0.092607
-0.097630
-0.107653
-0.119677
-0.128700
-0.129723
-0.135747
-0.127770
-0.163793
0.014183
0.276160
0.805137
1.872113
3.653090
4.618067
5.143043
4.809020
2.977997
1.500973
0.003950
-2.688073
-7.310097
-10.264120
-12.469143
-15.379167
-17.589190
-19.090213
-19.502237
-18.340260
-17.154283
-15.811307
-13.461330
-11.030353
-13.635377
-17.370400
-24.958423
-31.676447
-38.255470
-42.833493
-45.955517
-48.370540
-50.578563
-52.176587
-53.803610
-56.523633
-59.495657
-61.707680
-63.996703
-66.737727
-67.484750
-67.684773
-67.827797
-68.019820
-68.233843
-69.746867
-72.029890
-74.306913
-76.503937
-78.935960
-81.850983
-84.063007
-85.902030
-89.005053
-92.424077
-94.350100
-96.115123
-99.563147
-102.893170
-104.918193
-106.254217
-107.598240
-107.793263
-108.143287
-109.828310
-111.491333
-111.506357
-111.504380
-111.512403
-111.526427
-112.311450
-113.000473
-113.034497
-113.058520
-113.084543
-113.097567
-113.086590
-113.298613
-113.422637
-113.916660
-114.757683
-114.694707
-114.659730
-114.667753
-114.659777
-114.689800
-114.686823
-114.686847
-114.675870
-114.692893
-114.697917
-114.687940
-114.664963
-114.632987
-114.541010
-114.455033
-114.369057
-114.065080
-113.718103
-113.301127
-112.857150
-112.240173
-110.242197
-106.460220
-105.213243
-104.610267
-102.347290
-99.607313
-97.706337
-95.292360
-92.565383
-89.993407
-86.740430
-83.782453
-82.215477
-80.200500
-77.879523
-74.798547
-71.545570
-68.234593
-65.350617
-62.941640
-60.585663
-58.085687
-54.999710
-52.074733
-48.905757
-46.060780
-43.143803
-40.679827
-38.423850
-36.092873
-33.476897
-30.677920
-28.207943
-25.988967
-23.806990
-21.655013
-19.314037
-17.537060
-15.987083
-14.187107
-12.261130
-10.911153
-10.211177
-9.022200
-7.592223
-6.038247
-4.917270
-3.856293
-3.002317
-2.447340
-2.222363
-2.476387
-2.577410
-2.519433
-3.335457
-2.924480
-3.253503
-3.120527
-3.136550
-3.172573
-3.223597
-3.215620
-3.220643
-3.210667
-3.209690
-3.208713
-3.219737
-3.232760
-3.273783
-3.258807
-3.296830
-3.310853
-3.074877
-2.695900
-2.397923
-1.575947
-1.783970
-1.796993
-2.208017
-2.085040
-2.189063
-2.412087
-2.257110
-2.181133
-2.219157
-2.215180
-2.101203
-2.034227
-1.960250
-1.409273
-0.687297
-0.958320
-1.001343
-1.009367
-1.096390
-1.325413
-1.289437
-1.339460
-1.384483
-1.404507
-1.421530
-1.427553
-1.433577
-1.437600
-1.431623
-1.444647
-1.463670
-1.463693
-1.465717
-1.446740
-1.453763
-1.449787
-1.465810
-1.470833
-1.469857
-1.476880
-1.446903
-1.443927
-1.445950
-1.435973
-1.426997
-1.453020
-1.470043
-1.471067
-1.497090
-1.539113
-1.538137
-1.556160
-1.569183
-1.585207
-1.617230
-1.628253
-1.668277
-1.654300
-1.661323
-1.680347
-1.688370
-1.679393
-1.686417
-1.685440
-1.679463
-1.686487
