-0.000293
-0.022809
-0.003890
0.011298
-0.005223
-0.026540
-0.009753
0.004636
-0.006155
-0.025074
-0.024142
-0.020278
-0.011485
-0.018546
-0.029338
-0.022143
-0.014416
-0.014682
-0.024808
-0.022809
-0.014682
-0.015348
-0.011884
-0.020544
-0.018812
-0.014282
-0.013350
-0.023342
-0.018413
-0.016547
-0.016281
-0.016281
-0.015615
-0.011751
-0.016814
-0.022543
-0.024941
-0.022010
-0.007088
-0.010818
-0.021877
-0.018013
-0.014815
-0.022409
-0.013749
-0.014815
-0.014549
-0.017613
-0.011485
-0.022010
-0.017213
-0.028005
-0.019478
-0.015082
-0.017080
-0.015615
-0.387596
-0.421304
-0.285275
1.084209
0.856117
0.028218
0.563675
0.444033
0.043007
0.888626
0.778577
0.065390
0.788569
1.371589
1.310303
0.297212
0.538627
0.444433
0.527436
1.085142
-0.126996
0.416055
1.036246
0.777111
0.216874
0.662399
0.414456
0.503055
0.082044
0.139999
0.045139
0.176638
0.278560
-0.011751
0.217274
0.098564
1.131906
0.814016
0.859182
0.757393
0.629225
0.983486
0.400466
0.549019
0.484269
0.235260
0.535296
0.309736
0.147327
0.379816
0.566206
0.192093
0.044606
-0.412511
0.123079
0.746068
0.011431
0.384345
0.553949
0.762323
0.566872
0.542091
0.707964
0.954575
0.826673
0.530633
0.584859
1.180535
0.844526
0.431509
0.305073
0.740073
0.421251
0.314399
-0.006289
0.344643
0.345309
-0.078633
0.050068
-0.265690
0.823609
0.227532
0.657736
1.016927
0.692376
0.084042
-0.278746
-0.073171
0.229531
0.679319
0.373953
0.286287
0.687580
1.162016
0.069387
0.509183
0.545555
0.447497
0.696107
0.396336
0.489998
0.293615
0.423782
0.515578
0.191826
0.428045
0.497725
0.399401
0.437105
0.210745
0.058062
0.266036
0.161316
0.855718
0.654538
0.207015
0.328921
0.696506
0.213809
0.331852
0.755927
0.441502
0.495860
0.676655
0.475342
0.379416
0.238324
0.245918
0.246584
0.150258
0.045139
0.101762
0.331053
0.345842
0.236592
0.039809
0.150791
0.163715
0.531699
0.691044
0.900883
-0.235047
-0.237445
1.057296
0.903681
0.506785
0.882497
1.183999
0.226067
-0.055051
0.437638
0.480006
0.547287
0.230064
0.185165
0.241655
-0.274883
0.142664
0.059927
-0.250635
0.049269
-0.135256
-0.289272
-0.111808
-0.046524
-0.026939
-0.030004
-0.007088
-0.017080
-0.027872
-0.006555
-0.016148
-0.016281
-0.019612
-0.018146
-0.016281
-0.022010
-0.017080
-0.019745
-0.013483
-0.013883
-0.014949
-0.015481
-0.013883
-0.010152
-0.014682
-0.016547
-0.020278
-0.019345
-0.020544
-0.014549
-0.026939
-0.012151
-0.016947
-0.015082
-0.018013
-0.014149
-0.012550
-0.015215
-0.011085
-0.013483
-0.022809
-0.020944
-0.021477
-0.190814
-0.013483
-0.638204
-0.537348
-0.249036
-0.892543
-0.621017
-1.874324
-1.286108
-0.718809
-1.568691
-2.046592
-0.494181
-0.271419
-0.841915
-0.547474
-0.943837
-0.589042
0.422316
-0.949432
-0.108210
0.019025
-0.980342
-1.085595
-2.563795
-4.365615
-3.966720
-2.804011
-0.010152
-0.048123
-0.038264
-0.517097
-0.273550
-0.544409
-0.512700
-0.374673
-0.359085
-0.466469
-0.396656
