1.103421
-0.025447
-0.019585
-0.009593
-0.009459
-0.007194
-0.013856
-0.012257
-0.010792
-0.025181
-0.022250
-0.012391
-0.009726
-0.020784
-0.023982
-0.014922
-0.015988
-0.024515
-0.028778
-0.016787
-0.019851
-0.026247
-0.025847
-0.017986
-0.006129
-0.013190
-0.015988
-0.009459
0.000133
-0.007994
-0.015055
-0.013057
-0.012790
-0.023449
-0.016654
-0.008926
-0.017187
-0.034107
-0.042767
-0.025714
-0.007194
0.026646
0.015588
0.012124
0.017587
0.001066
-0.027979
2.439064
-4.365721
-0.944876
-0.026913
-0.046364
0.001466
0.019185
0.182926
-0.563835
-0.914233
-0.296440
0.538920
1.603571
1.075043
0.087799
0.483896
0.432602
1.511375
1.054126
0.811245
0.895047
0.681345
0.121907
0.377311
0.174266
0.047164
0.360657
0.101922
0.448856
0.241015
0.593945
0.563568
1.036006
1.130600
-0.313227
0.281251
0.415415
0.282983
0.448856
0.595544
0.065550
0.154948
-0.374113
0.108983
0.182127
1.372282
0.733305
0.289645
0.958066
0.178530
0.570629
0.431003
0.784332
0.629118
1.756121
0.735170
0.935949
0.712654
0.857476
0.740899
0.482031
0.367452
0.422743
0.129368
0.178930
0.371182
0.853746
1.079040
0.676548
0.713320
0.802718
0.717850
1.496720
0.867602
0.177864
0.438064
0.840822
0.926357
1.915332
0.973254
0.931819
1.247977
1.117011
1.112348
0.799387
0.513340
0.521067
0.921294
0.523332
0.450322
0.367452
0.449256
0.600340
0.518403
0.705726
0.660694
1.091963
0.250342
0.358126
0.019718
0.102588
-0.036239
-0.609400
0.629251
0.544916
0.130567
0.881058
0.526663
1.994738
1.675783
1.070646
1.064917
0.686407
1.011225
0.393432
0.705459
0.608334
0.656564
0.433268
0.786331
0.308963
0.389302
0.310962
-0.301103
0.954469
0.287913
0.412084
-0.351064
0.466975
0.907172
0.614063
-0.049562
0.824302
0.926757
0.119242
0.424342
-0.075809
0.326283
0.212237
0.069413
0.405689
1.160044
0.486427
-0.121640
0.512407
0.881458
0.655764
0.590081
0.483096
0.282317
0.227825
0.180395
0.417813
0.561436
0.057156
0.037438
-0.040636
-0.096726
0.105119
-0.313227
-0.502149
-0.680545
-1.617028
-1.191354
-0.402492
-1.188423
-1.099158
-0.363455
-1.954769
-0.804583
-0.280985
-0.415815
-1.630351
-0.725711
-0.523466
-2.939214
-0.750492
-0.545315
-0.863605
-0.233288
-0.032242
-0.285648
0.569297
0.199447
-0.832562
-0.101522
-0.024648
-1.652201
-0.726377
-2.223629
-1.097825
-1.711622
-1.169104
-1.898412
-0.606335
-0.941545
-1.985678
-0.569164
-1.172435
-0.984446
-0.991107
-0.342538
-1.688040
-1.113014
-0.050361
0.476835
-0.515205
-1.490591
-0.580222
-0.693602
-2.285848
-0.532259
-0.182127
0.392233
-0.375179
-0.816574
-1.044000
-0.938481
-1.517104
-1.088100
-0.697066
-0.893715
-1.382674
-0.742764
-1.090231
-1.513773
-1.695634
-1.125404
-1.126070
-1.188023
-1.056524
-0.837225
-0.798855
-0.793659
-0.635113
-1.023216
-0.957400
-0.742498
-1.149652
-1.632083
-1.069847
-0.801786
0.103387
-1.094761
-1.867502
-1.066250
-0.923159
-0.496153
-2.180329
-1.374946
-0.213969
-1.555874
-1.624222
-1.033608
-0.324685
-1.131533
-0.832429
-0.595810
-0.517870
-0.344802
0.107118
1.879760
4.365588
1.192686
1.388003
1.432902
1.218133
0.006662
-0.106319
0.004930
0.337208
0.210372
0.031443
-0.379443
0.025314
